1.510000000000000000e+02 4.600000000000000000e+01 1.470000000000000000e+02
2.000000000000000000e+02 1.370000000000000000e+02 1.000000000000000000e+01
2.270000000000000000e+02 5.200000000000000000e+01 1.790000000000000000e+02
1.620000000000000000e+02 1.940000000000000000e+02 4.000000000000000000e+00
4.300000000000000000e+01 8.100000000000000000e+01 1.640000000000000000e+02
1.100000000000000000e+01 1.200000000000000000e+01 1.080000000000000000e+02
2.500000000000000000e+02 1.100000000000000000e+02 2.180000000000000000e+02
3.500000000000000000e+01 4.500000000000000000e+01 1.500000000000000000e+01
4.400000000000000000e+01 6.000000000000000000e+01 1.890000000000000000e+02
1.010000000000000000e+02 2.230000000000000000e+02 1.130000000000000000e+02
1.770000000000000000e+02 2.040000000000000000e+02 8.300000000000000000e+01
7.000000000000000000e+01 2.480000000000000000e+02 5.600000000000000000e+01
2.460000000000000000e+02 1.360000000000000000e+02 5.800000000000000000e+01
1.890000000000000000e+02 1.090000000000000000e+02 5.000000000000000000e+00
